
tigerjang@DESKTOP-5AMK5M1 MINGW64 /e/Work/project/bt
$ dlv --listen=:2345 --headless=true --api-version=2 exec ./hw_decode.exe
API server listening at: [::]:2345
0       1172550 1172450 1       50      41070  +0
0       1172700 1172500 0       50      14630  +3
0       1172650 1172550 0       50      5867    -1
0       1172600 1172600 0       50      4627    -1
0       1172850 1172650 0       50      17377  +5
0       1172800 1172700 0       50      4352    -1
0       1172750 1172750 0       50      5122    -1
0       1173050 1172800 0       50      17718  +6
0       1172950 1172850 0       50      6699    -2
0       1172900 1172900 0       50      4528    -1
0       1173000 1172950 0       50      4059    +2
0       1173250 1173000 0       50      22479  +5
0       1173150 1173050 0       50      8453
0       1173100 1173100 0       50      4809
0       1173200 1173150 0       50      5362
0       1173400 1173200 0       50      17253
0       1173350 1173250 0       50      5411
0       1173300 1173300 0       50      5115
0       1173550 1173350 0       50      16047
0       1173500 1173400 0       50      4453
0       1173450 1173450 0       50      3877
0       1173700 1173500 0       50      20831
0       1173650 1173550 0       50      3931
0       1173600 1173600 0       50      4139
0       1173850 1173650 0       50      16170
0       1173800 1173700 0       50      3810
0       1173750 1173750 0       50      3253
0       1173900 1173800 0       50      9941
0       1174050 1173850 0       50      19348
0       1174000 1173900 0       50      3542
0       1173950 1173950 0       50      4806
0       1174250 1174000 0       50      19583
0       1174150 1174050 0       50      5931
0       1174100 1174100 0       50      4016
0       1174200 1174150 0       50      3330
0       1174500 1174200 0       50      16972
0       1174400 1174250 0       50      5247
0       1174300 1174300 0       50      3509
0       1174350 1174350 0       50      3701
0       1174450 1174400 0       50      3709
0       1174700 1174450 0       50      18208
0       1174600 1174500 0       50      7300
0       1174550 1174550 0       50      4553
0       1174650 1174600 0       50      4376
0       1174850 1174650 0       50      18699
0       1174800 1174700 0       50      4224
0       1174750 1174750 0       50      4739
0       1175050 1174800 0       50      18803
0       1174950 1174850 0       50      7756
0       1174900 1174900 0       50      4859
0       1175000 1174950 0       50      5234
0       1175200 1175000 0       50      16406
0       1175150 1175050 0       50      4447
0       1175100 1175100 0       50      4222
0       1175350 1175150 0       50      19418
0       1175300 1175200 0       50      5440
0       1175250 1175250 0       50      4008
0       1175500 1175300 0       50      21210
0       1175450 1175350 0       50      7134
0       1175400 1175400 0       50      5976
0       1175650 1175450 0       50      18598
0       1175600 1175500 0       50      6864
0       1175550 1175550 0       50      6286
0       1175800 1175600 0       50      17775
0       1175750 1175650 0       50      6210
0       1175700 1175700 0       50      5710
0       1175950 1175750 0       50      19762
0       1175900 1175800 0       50      7475
0       1175850 1175850 0       50      6325
0       1176000 1175900 0       50      10889
0       1176050 1175950 0       50      9372
0       1176200 1176000 0       50      17606
0       1176150 1176050 0       50      4058
0       1176100 1176100 0       50      4119
0       1176400 1176150 0       50      16854
0       1176300 1176200 0       50      7012
0       1176250 1176250 0       50      4041
0       1176350 1176300 0       50      4167
0       1176550 1176350 0       50      14624
0       1176500 1176400 0       50      4956
0       1176450 1176450 0       50      4392
0       1176700 1176500 0       50      16402
0       1176650 1176550 0       50      4826
0       1176600 1176600 0       50      4138
0       1176850 1176650 0       50      15830
0       1176800 1176700 0       50      3573
0       1176750 1176750 0       50      4301
0       1177000 1176800 0       50      11313
0       1176950 1176850 0       50      3459
0       1176900 1176900 0       50      3254
0       1177150 1176950 0       50      18032
0       1177100 1177000 0       50      5797
0       1177050 1177050 0       50      4887
0       1177300 1177100 0       50      16021
0       1177250 1177150 0       50      4787
0       1177200 1177200 0       50      4173
0       1177450 1177250 0       50      15458
0       1177400 1177300 0       50      4120
0       1177350 1177350 0       50      4152
0       1177600 1177400 0       50      16151
0       1177550 1177450 0       50      3679
0       1177500 1177500 0       50      4120
0       1177750 1177550 0       50      16738
0       1177700 1177600 0       50      5127
0       1177650 1177650 0       50      4235
0       1177900 1177700 0       50      14692
0       1177850 1177750 0       50      4039
0       1177800 1177800 0       50      4141
0       1178050 1177850 0       50      15646
0       1178000 1177900 0       50      4810
0       1177950 1177950 0       50      4347
0       1178200 1178000 0       50      19522
0       1178150 1178050 0       50      4533
0       1178100 1178100 0       50      4551
0       1178350 1178150 0       50      16395
0       1178300 1178200 0       50      5007
0       1178250 1178250 0       50      3920
0       1178500 1178300 0       50      17751
0       1178450 1178350 0       50      4553
0       1178400 1178400 0       50      4528
0       1178650 1178450 0       50      18108
0       1178600 1178500 0       50      5686
0       1178550 1178550 0       50      4288
0       1178700 1178600 0       50      9731
0       1178750 1178650 0       50      11611
0       1178800 1178700 0       50      11347
0       1178950 1178750 0       50      17387
0       1178900 1178800 0       50      3713
0       1178850 1178850 0       50      3301
0       1179100 1178900 0       50      17903
0       1179050 1178950 0       50      3939
0       1179000 1179000 0       50      3978
0       1179250 1179050 0       50      18699
0       1179200 1179100 0       50      4709
0       1179150 1179150 0       50      4353
0       1179400 1179200 0       50      18221
0       1179350 1179250 0       50      4637
0       1179300 1179300 0       50      4296
0       1179550 1179350 0       50      17659
0       1179500 1179400 0       50      4751
0       1179450 1179450 0       50      3577
0       1179600 1179500 0       50      9765
0       1179750 1179550 0       50      16067
0       1179700 1179600 0       50      3641
0       1179650 1179650 0       50      3515
0       1179950 1179700 0       50      19045
0       1179850 1179750 0       50      6393
0       1179800 1179800 0       50      4173
0       1179900 1179850 0       50      4052
0       1180100 1179900 0       50      14441
0       1180050 1179950 0       50      3761
0       1180000 1180000 0       50      4069
0       1180250 1180050 0       50      16723
0       1180200 1180100 0       50      3697
0       1180150 1180150 0       50      4125
0       1180400 1180200 0       50      17211
0       1180350 1180250 0       50      3608
0       1180300 1180300 0       50      4135
0       1180600 1180350 0       50      15564
0       1180500 1180400 0       50      7793
0       1180450 1180450 0       50      3437
0       1180550 1180500 0       50      3876
0       1180750 1180550 0       50      20846
0       1180700 1180600 0       50      6375
0       1180650 1180650 0       50      5109
0       1180900 1180700 0       50      16882
0       1180850 1180750 0       50      6567
0       1180800 1180800 0       50      5429
0       1181050 1180850 0       50      15182
0       1181000 1180900 0       50      7067
0       1180950 1180950 0       50      5892
0       1181200 1181000 0       50      17023
0       1181150 1181050 0       50      8606
0       1181100 1181100 0       50      8081
0       1181350 1181150 0       50      16548
0       1181300 1181200 0       50      7365
0       1181250 1181250 0       50      5870
0       1181500 1181300 0       50      21476
0       1181450 1181350 0       50      6197
0       1181400 1181400 0       50      6409
0       1181650 1181450 0       50      17638
0       1181600 1181500 0       50      4640
0       1181550 1181550 0       50      4540
0       1181700 1181600 0       50      9053
0       1181750 1181650 0       50      10443
0       1181900 1181700 0       50      18297
0       1181850 1181750 0       50      2393
0       1181800 1181800 0       50      3234
0       1182100 1181850 0       50      21714
0       1182000 1181900 0       50      5226
0       1181950 1181950 0       50      3305
0       1182050 1182000 0       50      3733
0       1182300 1182050 0       50      22633
0       1182200 1182100 0       50      4851
0       1182150 1182150 0       50      3218
0       1182250 1182200 0       50      2732
0       1182500 1182250 0       50      15953
0       1182400 1182300 0       50      4304
0       1182350 1182350 0       50      3021
0       1182450 1182400 0       50      2732
0       1182750 1182450 0       50      15378
0       1182650 1182500 0       50      4542
0       1182550 1182550 0       50      3382
0       1182600 1182600 0       50      3659
0       1182700 1182650 0       50      3227
0       1182900 1182700 0       50      14044
0       1182850 1182750 0       50      3135
0       1182800 1182800 0       50      3525
0       1183100 1182850 0       50      20280
0       1183000 1182900 0       50      5624
0       1182950 1182950 0       50      2933
0       1183050 1183000 0       50      3624
0       1183150 1183050 0       50      9823
0       1183300 1183100 0       50      15295
0       1183250 1183150 0       50      3566
0       1183200 1183200 0       50      3361
0       1183350 1183250 0       50      8318
0       1183500 1183300 0       50      14977
0       1183450 1183350 0       50      2628
0       1183400 1183400 0       50      3211
0       1183700 1183450 0       50      18113
0       1183600 1183500 0       50      5811
0       1183550 1183550 0       50      3291
0       1183650 1183600 0       50      3730
0       1183850 1183650 0       50      18265
0       1183800 1183700 0       50      4211
0       1183750 1183750 0       50      4999
0       1184000 1183800 0       50      14862
0       1183950 1183850 0       50      4026
0       1183900 1183900 0       50      4541
0       1184150 1183950 0       50      15502
0       1184100 1184000 0       50      3634
0       1184050 1184050 0       50      4746
0       1184300 1184100 0       50      15086
0       1184250 1184150 0       50      3969
0       1184200 1184200 0       50      3776
0       1184450 1184250 0       50      13658
0       1184400 1184300 0       50      3044
0       1184350 1184350 0       50      3624
0       1184600 1184400 0       50      15516
0       1184550 1184450 0       50      3742
0       1184500 1184500 0       50      3906
0       1184650 1184550 0       50      10828
0       1184700 1184600 0       50      7856
0       1184850 1184650 0       50      15851
0       1184800 1184700 0       50      2946
0       1184750 1184750 0       50      3429
0       1185000 1184800 0       50      8015
0       1184950 1184850 0       50      4112
0       1184900 1184900 0       50      3406
0       1185050 1184950 1       50      45772
0       1185250 1185000 0       50      20012
0       1185150 1185050 0       50      6096
0       1185100 1185100 0       50      3882
0       1185200 1185150 0       50      4282
0       1185400 1185200 0       50      16308
0       1185350 1185250 0       50      3822
0       1185300 1185300 0       50      3980
0       1185550 1185350 0       50      15933
0       1185500 1185400 0       50      4125
0       1185450 1185450 0       50      3832
0       1185700 1185500 0       50      15388
0       1185650 1185550 0       50      4096
0       1185600 1185600 0       50      4095
0       1185850 1185650 0       50      16910
0       1185800 1185700 0       50      4479
0       1185750 1185750 0       50      4130
0       1186000 1185800 0       50      15997
0       1185950 1185850 0       50      4918
0       1185900 1185900 0       50      4085
0       1186150 1185950 0       50      14894
0       1186100 1186000 0       50      4908
0       1186050 1186050 0       50      4699
0       1186300 1186100 0       50      15538
0       1186250 1186150 0       50      4516
0       1186200 1186200 0       50      4516
0       1186450 1186250 0       50      16509
0       1186400 1186300 0       50      4713
0       1186350 1186350 0       50      4629
0       1186600 1186400 0       50      15897
0       1186550 1186450 0       50      4302
0       1186500 1186500 0       50      4253
0       1186750 1186550 0       50      16641
0       1186700 1186600 0       50      5151
0       1186650 1186650 0       50      4168
0       1186900 1186700 0       50      17624
0       1186850 1186750 0       50      4703
0       1186800 1186800 0       50      4606
0       1187050 1186850 0       50      15599
0       1187000 1186900 0       50      4688
0       1186950 1186950 0       50      4401
0       1187200 1187000 0       50      15036
0       1187150 1187050 0       50      4891
0       1187100 1187100 0       50      4011
0       1187350 1187150 0       50      19888
0       1187300 1187200 0       50      4962
0       1187250 1187250 0       50      5353
0       1187500 1187300 0       50      17627
0       1187450 1187350 0       50      5943
0       1187400 1187400 0       50      4740
0       1187650 1187450 0       50      16465
0       1187600 1187500 0       50      6503
0       1187550 1187550 0       50      5775
0       1187800 1187600 0       50      17391
0       1187750 1187650 0       50      5483
0       1187700 1187700 0       50      5690
0       1187950 1187750 0       50      15211
0       1187900 1187800 0       50      5106
0       1187850 1187850 0       50      4677
0       1188100 1187900 0       50      18721
0       1188050 1187950 0       50      4896
0       1188000 1188000 0       50      3772
0       1188250 1188050 0       50      17249
0       1188200 1188100 0       50      5138
0       1188150 1188150 0       50      4642
0       1188400 1188200 0       50      18157
0       1188350 1188250 0       50      4895
0       1188300 1188300 0       50      4371
0       1188550 1188350 0       50      13633
0       1188500 1188400 0       50      4165
0       1188450 1188450 0       50      3746
0       1188700 1188500 0       50      16367
0       1188650 1188550 0       50      5467
0       1188600 1188600 0       50      4381
0       1188850 1188650 0       50      19420
0       1188800 1188700 0       50      5066
0       1188750 1188750 0       50      5138
0       1189000 1188800 0       50      19436
0       1188950 1188850 0       50      5547
0       1188900 1188900 0       50      4947
0       1189150 1188950 0       50      19685
0       1189100 1189000 0       50      5554
0       1189050 1189050 0       50      4880
0       1189300 1189100 0       50      18091
0       1189250 1189150 0       50      4615
0       1189200 1189200 0       50      4052
0       1189450 1189250 0       50      18088
0       1189400 1189300 0       50      3924
0       1189350 1189350 0       50      4057
0       1189600 1189400 0       50      19608
0       1189550 1189450 0       50      5232
0       1189500 1189500 0       50      4690
0       1189750 1189550 0       50      17760
0       1189700 1189600 0       50      4921
0       1189650 1189650 0       50      4738
0       1189900 1189700 0       50      19328
0       1189850 1189750 0       50      5470
0       1189800 1189800 0       50      4556
0       1190050 1189850 0       50      23116
0       1190000 1189900 0       50      3851
0       1189950 1189950 0       50      4478
0       1190200 1190000 0       50      17752
0       1190150 1190050 0       50      3446
0       1190100 1190100 0       50      3323
0       1190350 1190150 0       50      20012
0       1190300 1190200 0       50      3706
0       1190250 1190250 0       50      3576
0       1190400 1190300 0       50      9545
0       1190550 1190350 0       50      15784
0       1190500 1190400 0       50      2918
0       1190450 1190450 0       50      3091
0       1190750 1190500 0       50      19363
0       1190650 1190550 0       50      5134
0       1190600 1190600 0       50      3252
0       1190700 1190650 0       50      3321
0       1190950 1190700 0       50      23130
0       1190850 1190750 0       50      6151
0       1190800 1190800 0       50      3847
0       1190900 1190850 0       50      3636
0       1191150 1190900 0       50      18140
0       1191050 1190950 0       50      5498
0       1191000 1191000 0       50      3263
0       1191100 1191050 0       50      3638
0       1191350 1191100 0       50      24989
0       1191250 1191150 0       50      5836
0       1191200 1191200 0       50      4398
0       1191300 1191250 0       50      3182
0       1191550 1191300 0       50      19465
0       1191450 1191350 0       50      5611
0       1191400 1191400 0       50      3855
0       1191500 1191450 0       50      3337
0       1191700 1191500 0       50      13486
0       1191650 1191550 0       50      3294
0       1191600 1191600 0       50      2963
0       1191850 1191650 0       50      15164
0       1191800 1191700 0       50      4292
0       1191750 1191750 0       50      4250
0       1192000 1191800 0       50      16261
0       1191950 1191850 0       50      4338
0       1191900 1191900 0       50      4387
0       1192150 1191950 0       50      18073
0       1192100 1192000 0       50      4595
0       1192050 1192050 0       50      4423
0       1192350 1192100 0       50      17758
0       1192250 1192150 0       50      5364
0       1192200 1192200 0       50      3448
0       1192300 1192250 0       50      3182
0       1192500 1192300 0       50      16214
0       1192450 1192350 0       50      3205
0       1192400 1192400 0       50      3755
0       1192750 1192450 0       50      22603
0       1192650 1192500 0       50      4764
0       1192550 1192550 0       50      3439
0       1192600 1192600 0       50      3937
0       1192700 1192650 0       50      3723
0       1192950 1192700 0       50      14510
0       1192850 1192750 0       50      5049
0       1192800 1192800 0       50      3239
0       1192900 1192850 0       50      3661
0       1193150 1192900 0       50      18506
0       1193050 1192950 0       50      5381
0       1193000 1193000 0       50      3906
0       1193100 1193050 0       50      3224
0       1193300 1193100 0       50      16304
0       1193250 1193150 0       50      3126
0       1193200 1193200 0       50      3699
0       1193500 1193250 0       50      19512
0       1193400 1193300 0       50      4880
0       1193350 1193350 0       50      3802
0       1193450 1193400 0       50      4117
0       1193650 1193450 0       50      17505
0       1193600 1193500 0       50      4472
0       1193550 1193550 0       50      4252
0       1193700 1193600 0       50      10005
0       1193900 1193650 0       50      20301
0       1193800 1193700 0       50      7537
0       1193750 1193750 0       50      4546
0       1193850 1193800 0       50      5005
0       1194050 1193850 0       50      21317
0       1194000 1193900 0       50      5406
0       1193950 1193950 0       50      5907
0       1194200 1194000 0       50      14912
0       1194150 1194050 0       50      5275
0       1194100 1194100 0       50      4584
0       1194400 1194150 0       50      19170
0       1194300 1194200 0       50      9839
0       1194250 1194250 0       50      6322
0       1194350 1194300 0       50      6172
0       1194550 1194350 0       50      17727
0       1194500 1194400 0       50      7035
0       1194450 1194450 0       50      6223
0       1194700 1194500 0       50      20649
0       1194650 1194550 0       50      6660
0       1194600 1194600 0       50      6559
0       1194850 1194650 0       50      17867
0       1194800 1194700 0       50      6816
0       1194750 1194750 0       50      5360
0       1195000 1194800 0       50      19227
0       1194950 1194850 0       50      6547
0       1194900 1194900 0       50      5417
0       1195150 1194950 0       50      20195
0       1195100 1195000 0       50      4828
0       1195050 1195050 0       50      5203
0       1195300 1195100 0       50      17048
0       1195250 1195150 0       50      4802
0       1195200 1195200 0       50      4034
0       1195450 1195250 0       50      16821
0       1195400 1195300 0       50      4797
0       1195350 1195350 0       50      4675
0       1195600 1195400 0       50      16447
0       1195550 1195450 0       50      6509
0       1195500 1195500 0       50      4926
0       1195750 1195550 0       50      17015
0       1195700 1195600 0       50      6766
0       1195650 1195650 0       50      5766
0       1195900 1195700 0       50      18899
0       1195850 1195750 0       50      6943
0       1195800 1195800 0       50      6530
0       1196050 1195850 0       50      17776
0       1196000 1195900 0       50      4437
0       1195950 1195950 0       50      4753
0       1196200 1196000 0       50      15263
0       1196150 1196050 0       50      3922
0       1196100 1196100 0       50      3799
0       1196350 1196150 0       50      17332
0       1196300 1196200 0       50      4941
0       1196250 1196250 0       50      4777
0       1196500 1196300 0       50      16366
0       1196450 1196350 0       50      4583
0       1196400 1196400 0       50      4140
0       1196650 1196450 0       50      20578
0       1196600 1196500 0       50      4337
0       1196550 1196550 0       50      4639
0       1196700 1196600 0       50      7722
0       1196850 1196650 0       50      21085
0       1196800 1196700 0       50      4197
0       1196750 1196750 0       50      4815
0       1196900 1196800 0       50      9855
0       1197050 1196850 0       50      18670
0       1197000 1196900 0       50      3467
0       1196950 1196950 0       50      4243
0       1197100 1197000 0       50      11734
0       1197250 1197050 0       50      20224
0       1197200 1197100 0       50      3760
0       1197150 1197150 0       50      3806
0       1197300 1197200 0       50      10249
0       1197450 1197250 0       50      17043
0       1197400 1197300 0       50      2408
0       1197350 1197350 0       50      3377
0       1197500 1197400 0       50      4435
0       1197550 1197450 1       50      51679
0       1197700 1197500 0       50      11446
0       1197650 1197550 0       50      4142
0       1197600 1197600 0       50      2813
0       1197850 1197650 0       50      15999
0       1197800 1197700 0       50      3380
0       1197750 1197750 0       50      3191
0       1198050 1197800 0       50      18963
0       1197950 1197850 0       50      4641
0       1197900 1197900 0       50      2899
0       1198000 1197950 0       50      3444
0       1198200 1198000 0       50      16860
0       1198150 1198050 0       50      2629
0       1198100 1198100 0       50      3906
0       1198350 1198150 0       50      14318
0       1198300 1198200 0       50      2389
0       1198250 1198250 0       50      3348
0       1198500 1198300 0       50      13027
0       1198450 1198350 0       50      2206
0       1198400 1198400 0       50      3026
0       1198650 1198450 0       50      12471
0       1198600 1198500 0       50      3280
0       1198550 1198550 0       50      3508
0       1198700 1198600 0       50      9439
0       1198850 1198650 0       50      16055
0       1198800 1198700 0       50      2884
0       1198750 1198750 0       50      3535
0       1198900 1198800 0       50      9238
0       1199050 1198850 0       50      15467
0       1199000 1198900 0       50      3760
0       1198950 1198950 0       50      3743
0       1199200 1199000 0       50      15880
0       1199150 1199050 0       50      3720
0       1199100 1199100 0       50      3366
0       1199350 1199150 0       50      15335
0       1199300 1199200 0       50      3677
0       1199250 1199250 0       50      3608
0       1199400 1199300 0       50      8833
0       1199450 1199350 0       50      6594
0       1199600 1199400 0       50      19084
0       1199550 1199450 0       50      3526
0       1199500 1199500 0       50      4212
0       1199650 1199550 0       50      9236
0       1199800 1199600 0       50      17395
0       1199750 1199650 0       50      3517
0       1199700 1199700 0       50      3440
0       1199950 1199750 0       50      16949
0       1199900 1199800 0       50      3705
0       1199850 1199850 0       50      3590
0       1200100 1199900 0       50      17201
0       1200050 1199950 0       50      3165
0       1200000 1200000 0       50      3603
0       1200350 1200050 0       50      21580
0       1200250 1200100 0       50      4201
0       1200150 1200150 0       50      3189
0       1200200 1200200 0       50      3657
0       1200300 1200250 0       50      3195
0       1200500 1200300 0       50      16717
0       1200450 1200350 0       50      3260
0       1200400 1200400 0       50      3721
0       1200750 1200450 0       50      19895
0       1200650 1200500 0       50      5399
0       1200550 1200550 0       50      3820
0       1200600 1200600 0       50      3957
0       1200700 1200650 0       50      3964
0       1200900 1200700 0       50      16422
0       1200850 1200750 0       50      4083
0       1200800 1200800 0       50      4455
0       1201150 1200850 0       50      21616
0       1201050 1200900 0       50      7686
0       1200950 1200950 0       50      4651
0       1201000 1201000 0       50      4705
0       1201100 1201050 0       50      5700
0       1201300 1201100 0       50      20272
0       1201250 1201150 0       50      6458
0       1201200 1201200 0       50      4951
0       1201450 1201250 0       50      16895
0       1201400 1201300 0       50      6584
0       1201350 1201350 0       50      5573
0       1201600 1201400 0       50      18675
0       1201550 1201450 0       50      5874
0       1201500 1201500 0       50      5675
0       1201750 1201550 0       50      15921
0       1201700 1201600 0       50      5056
0       1201650 1201650 0       50      4869
0       1201900 1201700 0       50      16641
0       1201850 1201750 0       50      5204
0       1201800 1201800 0       50      4636
0       1202050 1201850 0       50      17309
0       1202000 1201900 0       50      4760
0       1201950 1201950 0       50      4690
0       1202200 1202000 0       50      16060
0       1202150 1202050 0       50      5258
0       1202100 1202100 0       50      4791
0       1202350 1202150 0       50      19539
0       1202300 1202200 0       50      5487
0       1202250 1202250 0       50      5484
0       1202500 1202300 0       50      19135
0       1202450 1202350 0       50      5360
0       1202400 1202400 0       50      4589
0       1202650 1202450 0       50      19272
0       1202600 1202500 0       50      4791
0       1202550 1202550 0       50      4587
0       1202800 1202600 0       50      19200
0       1202750 1202650 0       50      4648
0       1202700 1202700 0       50      4122
0       1202950 1202750 0       50      20704
0       1202900 1202800 0       50      2999
0       1202850 1202850 0       50      3425
0       1203150 1202900 0       50      16567
0       1203050 1202950 0       50      3827
0       1203000 1203000 0       50      2499
0       1203100 1203050 0       50      2407
0       1203350 1203100 0       50      21349
0       1203250 1203150 0       50      3699
0       1203200 1203200 0       50      2516
0       1203300 1203250 0       50      2762
0       1203550 1203300 0       50      19629
0       1203450 1203350 0       50      3422
0       1203400 1203400 0       50      2788
0       1203500 1203450 0       50      2385
0       1203750 1203500 0       50      16881
0       1203650 1203550 0       50      3862
0       1203600 1203600 0       50      2591
0       1203700 1203650 0       50      2499
0       1203950 1203700 0       50      17795
0       1203850 1203750 0       50      4984
0       1203800 1203800 0       50      2683
0       1203900 1203850 0       50      2911
0       1204100 1203900 0       50      16897
0       1204050 1203950 0       50      3230
0       1204000 1204000 0       50      3491
0       1204250 1204050 0       50      14712
0       1204200 1204100 0       50      2805
0       1204150 1204150 0       50      3718
0       1204500 1204200 0       50      18110
0       1204400 1204250 0       50      4971
0       1204300 1204300 0       50      3533
0       1204350 1204350 0       50      3818
0       1204450 1204400 0       50      3556
0       1204650 1204450 0       50      15510
0       1204600 1204500 0       50      3210
0       1204550 1204550 0       50      3894
0       1204850 1204600 0       50      21295
0       1204750 1204650 0       50      6027
0       1204700 1204700 0       50      4009
0       1204800 1204750 0       50      3188
0       1205100 1204800 0       50      19436
0       1205000 1204850 0       50      4344
0       1204900 1204900 0       50      3968
0       1204950 1204950 0       50      3779
0       1205050 1205000 0       50      3301
0       1205300 1205050 0       50      15298
0       1205200 1205100 0       50      4095
0       1205150 1205150 0       50      2961
0       1205250 1205200 0       50      2991
0       1205350 1205250 0       50      8559
0       1205500 1205300 0       50      18333
0       1205450 1205350 0       50      3869
0       1205400 1205400 0       50      3314
0       1205550 1205450 0       50      6966
0       1205700 1205500 0       50      15870
0       1205650 1205550 0       50      3009
0       1205600 1205600 0       50      4164
0       1205750 1205650 0       50      8608
0       1205900 1205700 0       50      20023
0       1205850 1205750 0       50      2502
0       1205800 1205800 0       50      3546
0       1206100 1205850 0       50      18788
0       1206000 1205900 0       50      3581
0       1205950 1205950 0       50      2940
0       1206050 1206000 0       50      2554
0       1206350 1206050 0       50      20776
0       1206250 1206100 0       50      3442
0       1206150 1206150 0       50      2282
0       1206200 1206200 0       50      3001
0       1206300 1206250 0       50      2685
0       1206500 1206300 0       50      12973
0       1206450 1206350 0       50      1889
0       1206400 1206400 0       50      2573
0       1206700 1206450 0       50      13472
0       1206600 1206500 0       50      3994
0       1206550 1206550 0       50      2568
0       1206650 1206600 0       50      2918
0       1206850 1206650 0       50      13825
0       1206800 1206700 0       50      2933
0       1206750 1206750 0       50      2871
0       1206900 1206800 0       50      8638
0       1207100 1206850 0       50      19347
0       1207000 1206900 0       50      3820
0       1206950 1206950 0       50      2751
0       1207050 1207000 0       50      2887
0       1207150 1207050 0       50      10873
0       1207300 1207100 0       50      12318
0       1207250 1207150 0       50      2042
0       1207200 1207200 0       50      2268
0       1207350 1207250 0       50      8175
0       1207500 1207300 0       50      14202
0       1207450 1207350 0       50      2357
0       1207400 1207400 0       50      2917
0       1207700 1207450 0       50      14659
0       1207600 1207500 0       50      4018
0       1207550 1207550 0       50      2572
0       1207650 1207600 0       50      2606
0       1207750 1207650 0       50      9957
0       1207900 1207700 0       50      15114
0       1207850 1207750 0       50      2065
0       1207800 1207800 0       50      2383
0       1208050 1207850 0       50      14306
0       1208000 1207900 0       50      2077
0       1207950 1207950 0       50      2663
0       1208250 1208000 0       50      12007
0       1208150 1208050 0       50      3294
0       1208100 1208100 0       50      2306
0       1208200 1208150 0       50      2728
0       1208450 1208200 0       50      20317
0       1208350 1208250 0       50      4010
0       1208300 1208300 0       50      3023
0       1208400 1208350 0       50      3027
0       1208600 1208400 0       50      18416
0       1208550 1208450 0       50      2829
0       1208500 1208500 0       50      3406
0       1208750 1208550 0       50      15016
0       1208700 1208600 0       50      2545
0       1208650 1208650 0       50      3425
0       1208900 1208700 0       50      17089
0       1208850 1208750 0       50      3062
0       1208800 1208800 0       50      3723
0       1209050 1208850 0       50      16654
0       1209000 1208900 0       50      3048
0       1208950 1208950 0       50      3892
0       1209200 1209000 0       50      18383
0       1209150 1209050 0       50      3761
0       1209100 1209100 0       50      3800
0       1209350 1209150 0       50      18938
0       1209300 1209200 0       50      3604
0       1209250 1209250 0       50      4832
0       1209500 1209300 0       50      15513
0       1209450 1209350 0       50      4469
0       1209400 1209400 0       50      4468
0       1209650 1209450 0       50      18990
0       1209600 1209500 0       50      4450
0       1209550 1209550 0       50      5403
0       1209800 1209600 0       50      19243
0       1209750 1209650 0       50      3237
0       1209700 1209700 0       50      4261
0       1210000 1209750 0       50      23161
0       1209900 1209800 0       50      5604
0       1209850 1209850 0       50      3886
0       1209950 1209900 0       50      3255
0       1210050 1209950 1       50      49513

